12
Service 2500
Property
LuckyField 150
Property
Property
Property
Property
Property
Property
LuckyField 100
Property
Service 3000
4
MarijaTurmakoska careful
DraganStojanov  tactical
Ficop greedy
Eva tactical

5 4 6 3 2 1 6 5 2 3 1 4 3 2 4 1 2 5 3 6 5 2 1 4 5 2 3 6 2 5 2 1 2 3 6 4 5 2 5 4 6 3 2 1 6 5 
 3 1 4 3 2 4 1 2 5 3 6 5 2 1 4 5 2 3 6 2 5 2 1 2 3 6 4 5 2 5 4 6 3 2 1 6 5 2 3 1 4 3 2 4 1 2 
5 3 6 5 2 1 4 5 2 3 6 2 5 2 1 2 3 6 4 5 2 5 4 6 3 2 1 6 5 2 3 1 4 3 2 4 1 2 5 3 6 5 2 1 4 5 
2 3 6 2 5 2 1 2 3 6 4 5 2 5 4 6 3 2 1 6 5 2 3 1 4 3 2 4 1 2 5 3 6 5 2 1 4 5 2 3 6 2 5 2 1 2 3 6 4 5 2
5 4 6 3 2 1 6 5 2 3 1 4 3 2 4 1 2 5 3 6 5 2 1 4 5 2 3 6 2 5 2 1 2 3 6 4 5 2 5 4 6 3 2 1 6 5 
 3 1 4 3 2 4 1 2 5 3 6 5 2 1 4 5 2 3 6 2 5 2 1 2 3 6 4 5 2 5 4 6 3 2 1 6 5 2 3 1 4 3 2 4 1 2 
5 3 6 5 2 1 4 5 2 3 6 2 5 2 1 2 3 6 4 5 2 5 4 6 3 2 1 6 5 2 3 1 4 3 2 4 1 2 5 3 6 5 2 1 4 5 
2 3 6 2 5 2 1 2 3 6 4 5 2 5 4 6 3 2 1 6 5 2 3 1 4 3 2 4 1 2 5 3 6 5 2 1 4 5 2 3 6 2 5 2 1 2 3 6 4 5 2
5 4 6 3 2 1 6 5 2 3 1 4 3 2 4 1 2 5 3 6 5 2 1 4 5 2 3 6 2 5 2 1 2 3 6 4 5 2 5 4 6 3 2 1 6 5 
 3 1 4 3 2 4 1 2 5 3 6 5 2 1 4 5 2 3 6 2 5 2 1 2 3 6 4 5 2 5 4 6 3 2 1 6 5 2 3 1 4 3 2 4 1 2 
5 3 6 5 2 1 4 5 2 3 6 2 5 2 1 2 3 6 4 5 2 5 4 6 3 2 1 6 5 2 3 1 4 3 2 4 1 2 5 3 6 5 2 1 4 5 
2 3 6 2 5 2 1 2 3 6 4 5 2 5 4 6 3 2 1 6 5 2 3 1 4 3 2 4 1 2 5 3 6 5 2 1 4 5 2 3 6 2 5 2 1 2 3 6 4 5 2
5 4 6 3 2 1 6 5 2 3 1 4 3 2 4 1 2 5 3 6 5 2 1 4 5 2 3 6 2 5 2 1 2 3 6 4 5 2 5 4 6 3 2 1 6 5 
 3 1 4 3 2 4 1 2 5 3 6 5 2 1 4 5 2 3 6 2 5 2 1 2 3 6 4 5 2 5 4 6 3 2 1 6 5 2 3 1 4 3 2 4 1 2 
5 3 6 5 2 1 4 5 2 3 6 2 5 2 1 2 3 6 4 5 2 5 4 6 3 2 1 6 5 2 3 1 4 3 2 4 1 2 5 3 6 5 2 1 4 5 
2 3 6 2 5 2 1 2 3 6 4 5 2 5 4 6 3 2 1 6 5 2 3 1 4 3 2 4 1 2 5 3 6 5 2 1 4 5 2 3 6 2 5 2 1 2 3 6 4 5 2
