4
Property
Service 1000
LuckyField 500
Property
3
Lucifer tactical
Chloe  greedy
Rory careful

3 2 5 1 2 2 1 5 1 3 5 6 2 4 3 6 2 1 4 5 1 3 5 6 2 4  2 1 4 5 1 3 5 6 2 4 3 6 4 3 2 1 6 2 1 4 5 1  5 6 2 4
 3 6 2 1 4 5 1 3 5 6 2 4  2 4 3 2 1 6 2 1 4 5 1  53 6 4 1 2  6 2 4 3 6 4 1 2 3 6 4 1 2
 3 6 2 1 4 5 1 3 5 6 2 4  2 1 4 5 1 3 5  4  6 4 1 1 4 5 1 3 5  4  6 4 3 2 12 1 4 5 1 3 5 6 2 4 3 6 2 3 6 
4 1 2 1 4 5 1  5 6 2 4 3 6 2 1 4 5 52 4  2 4 3 2 1 6  5  4  6 4 1 6 2 1 4 5 1 
6 4 3 2 1   2 1 4 5 1 3 5 6 2 4 3 6 4 3 2 1 6 2 1 4 5 1  